resizepic 50 0 2600 530 410
resizepic 95 20 2600 442 90
resizepic 90 115 2600 230 230
resizepic 100 125 5120 210 210
resizepic 365 120 5120 178 210
gumppic 0 0 10440
gumppic 547 0 10441
gumppic 140 40 10451
gumppic 420 40 10451
gumppic 365 115 10452
gumppic 365 288 10452
gumppic 414 189 1417
gumppic 435 210 2642
gumppic 110 135 2152
gumppic 120 162 5113
gumppic 128 147 5117
gumppic 118 143 5032
gumppic 150 135 9720
gumppic 160 162 5113
gumppic 168 147 5117
gumppic 190 135 9720
gumppic 200 162 5113
gumppic 208 147 5117
gumppic 230 135 9720
gumppic 240 162 5113
gumppic 248 147 5117
gumppic 270 135 9720
gumppic 280 162 5113
gumppic 110 175 9720
gumppic 120 202 5113
gumppic 128 187 5117
gumppic 150 175 9720
gumppic 160 202 5113
gumppic 168 187 5117
gumppic 190 175 9720
gumppic 200 202 5113
gumppic 208 187 5117
gumppic 230 175 9720
gumppic 240 202 5113
gumppic 248 187 5117
gumppic 270 175 9720
gumppic 280 202 5113
gumppic 110 215 9720
gumppic 120 242 5113
gumppic 128 227 5117
gumppic 150 215 9720
gumppic 160 242 5113
gumppic 168 227 5117
gumppic 190 215 9720
gumppic 200 242 5113
gumppic 208 227 5117
gumppic 230 215 9720
gumppic 240 242 5113
gumppic 248 227 5117
gumppic 270 215 9720
gumppic 280 242 5113
gumppic 110 255 9720
gumppic 120 282 5113
gumppic 128 267 5117
gumppic 150 255 9720
gumppic 160 282 5113
gumppic 168 267 5117
gumppic 190 255 9720
gumppic 200 282 5113
gumppic 208 267 5117
gumppic 230 255 9720
gumppic 240 282 5113
gumppic 248 267 5117
gumppic 270 255 9720
gumppic 280 282 5113
gumppic 110 295 9720
gumppic 128 307 5117
gumppic 150 295 9720
gumppic 168 307 5117
gumppic 190 295 9720
gumppic 208 307 5117
gumppic 230 295 9720
gumppic 248 307 5117
gumppic 270 295 2472
xmfhtmlgump 210 35 212 45 1159005 0 0
xmfhtmlgump 210 60 212 70 1153748 0 0
xmfhtmlgump 210 75 212 85 1159006 0 0
button 448 185 10700 10701 1 0 1
button 473 222 10710 10711 1 0 2
button 448 243 10720 10721 1 0 3
button 408 222 10730 10731 1 0 4
